%YAML:1.0

#--------------------------------------------------------------------------------------------
# Camera Parameters. Adjust them!
#--------------------------------------------------------------------------------------------

# Camera calibration and distortion parameters (OpenCV) 
Camera.fx: 555.35825063141601
Camera.fy: 555.35825063141601
Camera.cx: 321.97608566284180
Camera.cy: 199.62562179565430

Camera.k1: 0.0
Camera.k2: 0.0
Camera.p1: 0.0
Camera.p2: 0.0

Camera.width: 640
Camera.height: 480

# Camera frames per second 
Camera.fps: 20.0

# stereo baseline times fx
Camera.bf: 1445.6095404098405

# Color order of the images (0: BGR, 1: RGB. It is ignored if images are grayscale)
Camera.RGB: 1

# Close/Far threshold. Baseline times.
ThDepth: 35

#--------------------------------------------------------------------------------------------
# Stereo Rectification. Only if you need to pre-rectify the images.
# Camera.fx, .fy, etc must be the same as in LEFT.P
#--------------------------------------------------------------------------------------------
LEFT.height: 480
LEFT.width: 640
LEFT.D: !!opencv-matrix
   rows: 1
   cols: 8
   dt: d
   data: [ -4.1758731144228134e-01, 1.8125037184001422e-01, 0., 0., 0.,
       0., 0., 0. ]
LEFT.K: !!opencv-matrix
   rows: 3
   cols: 3
   dt: d
   data: [ 5.2917799306290783e+02, 0., 3.3903913711553844e+02, 0.,
       5.2960577514397721e+02, 1.7999486954825761e+02, 0., 0., 1. ]
LEFT.R:  !!opencv-matrix
   rows: 3
   cols: 3
   dt: d
   data: [ 9.9960722869479324e-01, 1.2952075540635790e-02,
       2.4852204737307784e-02, -1.2910555100055824e-02,
       9.9991497993755274e-01, -1.8304271338150315e-03,
       -2.4873799631817847e-02, 1.5088524359417568e-03,
       9.9968946051071428e-01 ]
LEFT.P:  !!opencv-matrix
   rows: 3
   cols: 4
   dt: d
   data: [ 5.5535825063141601e+02, 0., 3.2197608566284180e+02, 0., 0.,
       5.5535825063141601e+02, 1.9962562179565430e+02, 0., 0., 0., 1.,
       0. ]

RIGHT.height: 480
RIGHT.width: 640
RIGHT.D: !!opencv-matrix
   rows: 1
   cols: 8
   dt: d
   data: [ -4.1013813259441695e-01, 1.5856779323864462e-01, 0., 0., 0.,
       0., 0., 0. ]
RIGHT.K: !!opencv-matrix
   rows: 3
   cols: 3
   dt: d
   data: [ 5.2063360168521558e+02, 0., 3.2863732159155654e+02, 0.,
       5.2085191971801726e+02, 2.2307464120348837e+02, 0., 0., 1. ]
RIGHT.R:  !!opencv-matrix
   rows: 3
   cols: 3
   dt: d
   data: [ 9.9984496392576294e-01, 7.8360316344244525e-03,
       1.5768472358290271e-02, -7.8623519841440268e-03,
       9.9996779856111018e-01, 1.6078750338894723e-03,
       -1.5755365231161458e-02, -1.7316030351894379e-03,
       9.9987437711812654e-01 ]
RIGHT.P:  !!opencv-matrix
   rows: 3
   cols: 4
   dt: d
   data: [ 5.5535825063141601e+02, 0., 3.2197608566284180e+02,
       -1.4456095404098405e+03, 0., 5.5535825063141601e+02,
       1.9962562179565430e+02, 0., 0., 0., 1., 0. ]

#--------------------------------------------------------------------------------------------
# ORB Parameters
#--------------------------------------------------------------------------------------------

# ORB Extractor: Number of features per image
ORBextractor.nFeatures: 2000

# ORB Extractor: Scale factor between levels in the scale pyramid 	
ORBextractor.scaleFactor: 1.2

# ORB Extractor: Number of levels in the scale pyramid	
ORBextractor.nLevels: 8

# ORB Extractor: Fast threshold
# Image is divided in a grid. At each cell FAST are extracted imposing a minimum response.
# Firstly we impose iniThFAST. If no corners are detected we impose a lower value minThFAST
# You can lower these values if your images have low contrast			
ORBextractor.iniThFAST: 20
ORBextractor.minThFAST: 7

#--------------------------------------------------------------------------------------------
# Viewer Parameters
#--------------------------------------------------------------------------------------------
Viewer.KeyFrameSize: 0.05
Viewer.KeyFrameLineWidth: 1
Viewer.GraphLineWidth: 0.9
Viewer.PointSize:2
Viewer.CameraSize: 0.08
Viewer.CameraLineWidth: 3
Viewer.ViewpointX: 0
Viewer.ViewpointY: -0.7
Viewer.ViewpointZ: -1.8
Viewer.ViewpointF: 500

