%YAML:1.0

#--------------------------------------------------------------------------------------------
# Camera Parameters. Adjust them!
#--------------------------------------------------------------------------------------------

# Camera calibration and distortion parameters (OpenCV)
Camera.fx: 433.37733172281975
Camera.fy: 433.37733172281975
Camera.cx: 305.33081054687500
Camera.cy: 215.89474678039551

Camera.k1: 0.0
Camera.k2: 0.0
Camera.p1: 0.0
Camera.p2: 0.0

Camera.width: 752
Camera.height: 480

# Camera frames per second
Camera.fps: 20.0

# stereo baseline times fx
Camera.bf: 1124.1379390973643

# Color order of the images (0: BGR, 1: RGB. It is ignored if images are grayscale)
Camera.RGB: 1

# Close/Far threshold. Baseline times.
ThDepth: 35

#--------------------------------------------------------------------------------------------
# Stereo Rectification. Only if you need to pre-rectify the images.
# Camera.fx, .fy, etc must be the same as in LEFT.P
#--------------------------------------------------------------------------------------------
LEFT.height: 480
LEFT.width: 752
LEFT.D: !!opencv-matrix
   rows: 1
   cols: 8
   dt: d
   data: [ -3.2409520675356307e-01, 1.0963706440267680e-01, 0., 0., 0.,
       0., 0., 0. ]
LEFT.K: !!opencv-matrix
   rows: 3
   cols: 3
   dt: d
   data: [ 4.4686416563365901e+02, 0., 3.0862872708991642e+02, 0.,
       4.4694810032940438e+02, 2.2354573740229083e+02, 0., 0., 1. ]
LEFT.R:  !!opencv-matrix
   rows: 3
   cols: 3
   dt: d
   data: [ 9.9988696833423640e-01, 7.0087681106367258e-03,
       -1.3301418155266304e-02, -7.0203340875099642e-03,
       9.9997501844843739e-01, -8.2303605459788554e-04,
       1.3295317396349440e-02, 9.1632342474925142e-04,
       9.9991119350005864e-01 ]
LEFT.P:  !!opencv-matrix
   rows: 3
   cols: 4
   dt: d
   data: [ 4.3337733172281975e+02, 0., 3.0533081054687500e+02, 0., 0.,
       4.3337733172281975e+02, 2.1589474678039551e+02, 0., 0., 0., 1.,
       0. ]

RIGHT.height: 480
RIGHT.width: 752
RIGHT.D: !!opencv-matrix
   rows: 1
   cols: 8
   dt: d
   data: [ -3.3000042474394214e-01, 1.2613969086986823e-01, 0., 0., 0.,
       0., 0., 0. ]
RIGHT.K: !!opencv-matrix
   rows: 3
   cols: 3
   dt: d
   data: [ 4.4610558010682445e+02, 0., 2.8860986532723473e+02, 0.,
       4.4646124429143993e+02, 2.0603825379606320e+02, 0., 0., 1. ]
RIGHT.R:  !!opencv-matrix
   rows: 3
   cols: 3
   dt: d
   data: [ 9.9998047383963418e-01, 3.3889679999308874e-04,
       -6.2399590078659958e-03, -3.3346972605039936e-04,
       9.9999956529697431e-01, 8.7074899045235183e-04,
       6.2402513893834062e-03, -8.6865115064704650e-04,
       9.9998015215691949e-01 ]
RIGHT.P:  !!opencv-matrix
   rows: 3
   cols: 4
   dt: d
   data: [ 4.3337733172281975e+02, 0., 3.0533081054687500e+02,
       -1.1241379390973643e+03, 0., 4.3337733172281975e+02,
       2.1589474678039551e+02, 0., 0., 0., 1., 0. ]

#--------------------------------------------------------------------------------------------
# ORB Parameters
#--------------------------------------------------------------------------------------------

# ORB Extractor: Number of features per image
ORBextractor.nFeatures: 2000

# ORB Extractor: Scale factor between levels in the scale pyramid
ORBextractor.scaleFactor: 1.2

# ORB Extractor: Number of levels in the scale pyramid
ORBextractor.nLevels: 8

# ORB Extractor: Fast threshold
# Image is divided in a grid. At each cell FAST are extracted imposing a minimum response.
# Firstly we impose iniThFAST. If no corners are detected we impose a lower value minThFAST
# You can lower these values if your images have low contrast
ORBextractor.iniThFAST: 20
ORBextractor.minThFAST: 7

#--------------------------------------------------------------------------------------------
# Viewer Parameters
#--------------------------------------------------------------------------------------------
Viewer.KeyFrameSize: 0.05
Viewer.KeyFrameLineWidth: 1
Viewer.GraphLineWidth: 0.9
Viewer.PointSize:2
Viewer.CameraSize: 0.08
Viewer.CameraLineWidth: 3
Viewer.ViewpointX: 0
Viewer.ViewpointY: -0.7
Viewer.ViewpointZ: -1.8
Viewer.ViewpointF: 500
