%YAML:1.0

#--------------------------------------------------------------------------------------------
# Camera Parameters. Adjust them!
#--------------------------------------------------------------------------------------------

# Camera calibration and distortion parameters (OpenCV) 
Camera.fx: 438.38247770746909
Camera.fy: 438.38247770746909
Camera.cx: 345.63149642944336
Camera.cy: 233.56597328186035

Camera.k1: 0.0
Camera.k2: 0.0
Camera.p1: 0.0
Camera.p2: 0.0

Camera.width: 640
Camera.height: 480

# Camera frames per second 
Camera.fps: 20.0

# stereo baseline times fx
Camera.bf: 1139.5483913678534

# Color order of the images (0: BGR, 1: RGB. It is ignored if images are grayscale)
Camera.RGB: 1

# Close/Far threshold. Baseline times.
ThDepth: 35

#--------------------------------------------------------------------------------------------
# Stereo Rectification. Only if you need to pre-rectify the images.
# Camera.fx, .fy, etc must be the same as in LEFT.P
#--------------------------------------------------------------------------------------------
LEFT.height: 480
LEFT.width: 640
LEFT.D: !!opencv-matrix
   rows: 1
   cols: 8
   dt: d
   data: [ -3.1226270442453269e-01, 9.4531250914640569e-02, 0., 0., 0.,
       0., 0., 0. ]
LEFT.K: !!opencv-matrix
   rows: 3
   cols: 3
   dt: d
   data: [ 4.3954419557728392e+02, 0., 3.2803730398816691e+02, 0.,
       4.3871688271954912e+02, 2.1122630580206985e+02, 0., 0., 1. ]
LEFT.R:  !!opencv-matrix
   rows: 3
   cols: 3
   dt: d
   data: [ 9.9981184659772859e-01, 1.4832552319777969e-03,
       -1.9340924402848087e-02, -1.6373818577234177e-03,
       9.9996701364770624e-01, -7.9555387712104617e-03,
       1.9328486321796453e-02, 7.9857103882525812e-03,
       9.9978129510713643e-01 ]
LEFT.P:  !!opencv-matrix
   rows: 3
   cols: 4
   dt: d
   data: [ 4.3838247770746909e+02, 0., 3.4563149642944336e+02, 0., 0.,
       4.3838247770746909e+02, 2.3356597328186035e+02, 0., 0., 0., 1.,
       0. ]

RIGHT.height: 480
RIGHT.width: 640
RIGHT.D: !!opencv-matrix
   rows: 1
   cols: 8
   dt: d
   data: [ -3.0716638446557704e-01, 8.6480988391137811e-02, 0., 0., 0.,
       0., 0., 0. ]
RIGHT.K: !!opencv-matrix
   rows: 3
   cols: 3
   dt: d
   data: [ 4.3700666566288220e+02, 0., 3.3373921625603850e+02, 0.,
       4.3658640002206522e+02, 2.5582232540502295e+02, 0., 0., 1. ]
RIGHT.R:  !!opencv-matrix
   rows: 3
   cols: 3
   dt: d
   data: [ 9.9973934440985379e-01, 4.1207055204402800e-03,
       -2.2455801588218485e-02, -3.9415677439614350e-03,
       9.9996010485913045e-01, 8.0157803011785579e-03,
       2.2487936380988491e-02, -7.9251798800287505e-03,
       9.9971570170783741e-01 ]
RIGHT.P:  !!opencv-matrix
   rows: 3
   cols: 4
   dt: d
   data: [ 4.3838247770746909e+02, 0., 3.4563149642944336e+02,
       -1.1395483913678534e+03, 0., 4.3838247770746909e+02,
       2.3356597328186035e+02, 0., 0., 0., 1., 0. ]

#--------------------------------------------------------------------------------------------
# ORB Parameters
#--------------------------------------------------------------------------------------------

# ORB Extractor: Number of features per image
ORBextractor.nFeatures: 2000

# ORB Extractor: Scale factor between levels in the scale pyramid 	
ORBextractor.scaleFactor: 1.2

# ORB Extractor: Number of levels in the scale pyramid	
ORBextractor.nLevels: 8

# ORB Extractor: Fast threshold
# Image is divided in a grid. At each cell FAST are extracted imposing a minimum response.
# Firstly we impose iniThFAST. If no corners are detected we impose a lower value minThFAST
# You can lower these values if your images have low contrast			
ORBextractor.iniThFAST: 20
ORBextractor.minThFAST: 7

#--------------------------------------------------------------------------------------------
# Viewer Parameters
#--------------------------------------------------------------------------------------------
Viewer.KeyFrameSize: 0.05
Viewer.KeyFrameLineWidth: 1
Viewer.GraphLineWidth: 0.9
Viewer.PointSize:2
Viewer.CameraSize: 0.08
Viewer.CameraLineWidth: 3
Viewer.ViewpointX: 0
Viewer.ViewpointY: -0.7
Viewer.ViewpointZ: -1.8
Viewer.ViewpointF: 500

